200 7 5
1.36 1.97 0.47 1.04 0.99 1.65 1.73
1.41 2.09 0.47 2.91 0.09 0.00 2.66
2.48 1.81 0.37 2.74 0.47 2.23 2.82
0.96 2.08 1.93 2.59 2.18 2.75 1.85
1.49 0.54 1.70 0.66 0.57 2.17 0.22
1.04 1.35 2.69 0.18 2.89 2.16 1.30
2.53 1.61 1.57 0.80 1.04 1.04 1.65
2.34 0.42 1.73 0.08 2.21 2.41 1.19
1.96 0.94 0.38 1.70 2.13 0.16 1.64
2.06 0.86 1.83 1.10 1.50 1.96 0.73
1.89 2.75 2.73 0.34 0.03 0.05 0.68
2.33 1.98 2.02 2.11 1.41 2.53 0.22
0.20 0.07 1.23 0.60 0.22 2.40 1.96
1.50 0.61 0.71 1.85 1.32 1.70 2.95
0.68 1.91 2.35 0.12 1.74 2.51 1.18
1.25 1.33 2.63 2.40 2.27 1.25 0.36
0.81 1.81 0.68 1.92 0.76 0.68 1.64
2.61 2.84 0.45 1.61 0.60 0.87 1.59
0.79 0.82 2.06 1.73 1.89 1.81 1.18
1.89 0.09 2.32 3.00 0.69 1.54 0.33
1.58 2.46 1.03 2.20 2.53 2.27 2.32
1.85 0.43 2.40 2.05 1.50 1.41 0.64
1.98 0.83 1.76 1.67 1.10 1.93 2.08
1.32 2.65 0.73 1.30 0.61 1.19 1.99
1.89 0.38 1.51 1.83 0.07 1.58 2.42
0.18 2.52 2.77 1.92 0.24 2.82 2.78
1.12 2.19 2.72 0.49 2.61 2.58 2.42
2.48 1.01 2.80 1.59 1.83 1.72 2.44
1.33 1.65 1.81 2.93 1.82 0.87 2.76
0.82 0.91 2.63 1.55 2.84 2.83 1.39
2.05 0.18 2.52 2.97 1.44 0.57 1.93
1.66 2.13 1.65 2.87 0.81 1.17 0.51
0.64 2.67 0.01 0.90 2.80 0.89 1.30
1.01 2.05 1.00 1.89 1.89 1.37 2.11
0.21 2.74 0.77 2.05 2.72 1.34 1.20
2.99 1.54 1.61 2.34 1.52 2.00 0.24
2.38 2.74 1.79 2.11 2.17 2.89 1.67
2.25 2.57 1.58 1.15 2.88 1.51 1.27
2.20 0.29 0.84 0.39 0.58 2.58 0.99
2.21 0.16 1.04 1.15 1.70 1.17 2.55
2.80 0.84 1.26 1.75 0.82 0.03 0.30
1.49 2.50 1.76 2.19 0.49 1.91 1.77
2.46 0.22 1.71 0.92 1.70 2.89 2.28
0.62 2.92 0.25 1.25 2.32 0.20 0.87
0.21 2.56 2.19 2.00 2.52 0.19 0.55
0.27 0.91 1.58 0.92 0.57 2.31 1.86
0.96 1.00 2.32 1.36 2.93 2.99 2.14
2.94 1.62 0.18 2.98 2.78 0.67 2.83
1.71 2.58 0.74 0.91 0.54 1.02 2.56
0.76 2.15 0.46 2.55 1.37 0.04 0.16
1.79 1.67 0.38 2.03 2.86 2.52 0.19
2.07 0.47 2.84 2.65 1.18 1.82 1.30
1.76 0.28 2.67 0.34 1.85 1.39 0.10
0.44 0.04 0.82 2.81 0.60 0.06 0.77
0.33 1.39 0.38 1.24 1.21 0.82 2.62
0.97 2.80 2.87 2.25 0.22 1.96 1.29
2.47 1.65 2.02 0.83 2.45 1.77 1.89
0.77 2.33 1.14 2.58 0.12 2.66 2.15
2.13 2.46 1.41 2.21 2.87 2.39 0.46
2.47 0.82 1.30 2.38 1.10 0.97 0.16
0.58 1.96 0.52 0.16 2.33 1.97 2.42
1.80 0.82 0.09 0.04 0.35 2.43 2.55
0.12 2.76 1.34 0.25 1.68 1.58 1.76
2.16 0.39 1.17 2.04 1.87 1.53 0.98
0.62 2.23 0.65 1.34 1.16 0.30 1.25
2.52 1.57 2.08 1.66 0.75 0.70 2.25
0.75 1.01 0.92 0.58 1.66 1.74 1.72
1.90 2.94 2.27 0.22 1.20 2.20 0.59
0.71 2.81 2.45 0.83 2.63 2.35 1.52
0.40 2.04 1.61 2.63 2.09 0.85 0.94
1.88 0.07 2.00 1.80 1.84 2.22 0.57
1.80 2.27 1.89 0.03 1.47 1.56 2.91
1.52 1.80 0.23 2.13 1.47 2.70 0.20
1.64 2.14 1.06 2.55 1.94 1.60 2.15
1.48 1.10 2.82 1.14 0.62 2.30 2.09
2.12 0.57 1.81 1.02 2.69 1.37 1.95
1.67 1.44 1.80 2.63 2.44 0.82 2.15
1.85 2.45 0.05 2.26 0.37 1.75 1.44
0.01 0.79 0.45 0.54 0.96 0.16 0.70
2.23 2.70 1.72 0.79 1.13 2.21 0.03
2.20 0.52 1.34 1.69 0.91 2.11 1.79
1.41 2.65 0.26 2.08 0.44 0.76 2.38
2.31 0.70 2.59 0.85 2.33 2.13 0.28
1.50 1.56 2.93 2.90 2.74 2.74 0.89
2.97 2.68 2.58 1.88 2.14 1.05 0.84
2.62 1.20 2.70 0.35 2.69 2.27 0.49
0.26 2.92 1.41 1.13 1.92 0.85 2.67
0.22 1.17 2.69 2.39 1.55 1.71 0.33
0.10 0.42 1.65 0.35 1.71 1.70 2.49
2.84 2.72 0.89 2.53 1.25 0.23 1.54
1.06 2.73 0.74 0.55 0.60 1.01 0.64
0.10 2.54 2.18 0.31 1.02 0.94 2.59
2.53 0.38 2.02 0.47 2.75 2.21 0.49
0.59 0.89 2.29 0.43 1.34 0.47 0.83
0.14 0.97 0.41 1.21 2.91 0.90 0.28
1.43 0.20 0.82 2.21 0.04 0.34 1.89
1.74 1.78 2.38 1.50 1.02 2.50 1.68
0.00 2.95 0.79 2.14 0.22 1.43 1.08
2.76 0.99 1.37 0.33 0.37 0.45 1.29
1.36 1.26 0.46 1.38 0.76 1.59 1.53
2.53 1.07 0.17 2.56 1.01 0.78 2.59
1.47 1.28 1.92 0.45 1.47 2.20 1.99
0.48 2.22 1.62 1.41 0.99 0.16 0.87
1.93 2.24 0.21 2.75 2.11 2.90 0.02
0.49 1.06 2.79 1.92 2.91 2.66 0.53
2.33 0.81 0.59 1.02 0.65 2.70 0.54
0.29 1.44 0.70 1.65 2.47 0.77 0.77
1.06 1.52 2.28 0.61 1.39 2.82 0.04
0.59 1.38 1.31 1.01 2.08 1.83 1.82
2.00 1.20 2.01 2.87 2.92 2.07 2.83
1.61 1.34 2.15 2.10 0.53 2.80 1.31
1.71 1.84 2.11 2.67 1.65 1.09 0.32
2.84 1.66 1.15 1.07 2.64 1.46 0.72
0.83 0.42 1.92 0.45 0.13 2.98 2.30
2.56 1.87 0.56 1.13 0.52 0.29 1.86
0.54 0.91 2.42 1.83 1.09 1.24 0.43
1.71 2.05 2.71 0.43 0.50 1.35 2.29
1.31 1.18 1.07 0.60 0.36 1.28 1.85
1.54 1.16 0.50 1.85 2.63 0.27 2.18
1.86 1.99 0.23 2.06 0.56 1.74 2.44
2.77 1.73 0.95 1.75 2.87 1.46 1.06
2.20 1.16 0.62 0.43 2.08 0.38 2.49
1.55 2.67 1.70 0.27 1.31 1.84 0.88
1.61 1.28 2.35 2.71 0.08 0.04 2.69
2.34 2.32 0.09 0.74 2.74 0.42 2.29
1.20 0.58 1.59 2.32 1.15 2.12 2.23
2.07 2.62 1.00 0.31 0.42 2.17 1.71
2.26 1.48 2.36 1.32 2.78 1.09 2.75
0.71 1.34 1.06 0.73 2.17 2.76 0.91
1.38 1.40 0.33 0.28 2.09 2.99 0.03
2.25 2.86 0.38 2.91 0.20 0.06 0.88
2.75 0.01 1.84 0.67 2.02 1.03 2.67
0.90 1.10 1.17 0.66 2.04 1.80 1.63
1.96 0.13 2.37 0.44 0.61 2.11 1.69
1.87 2.30 1.13 1.38 0.08 2.91 0.47
1.64 0.30 0.68 0.09 1.46 0.00 2.06
2.53 1.45 2.76 2.26 1.84 0.46 1.75
2.23 2.30 2.89 2.58 0.97 0.30 0.53
2.25 1.79 0.76 1.05 2.70 1.14 0.10
0.31 0.33 2.11 1.25 2.45 2.08 0.90
1.01 0.90 2.57 1.70 1.52 0.82 0.21
2.89 2.32 1.74 2.67 1.04 0.38 2.66
2.07 1.63 0.66 0.40 2.47 2.48 2.56
0.21 2.10 2.67 2.54 2.68 2.83 1.48
0.99 0.77 0.84 1.87 2.31 0.38 2.60
0.38 2.20 0.49 0.73 2.75 0.42 1.92
2.32 1.98 0.81 0.71 0.56 2.27 1.94
0.07 1.87 2.53 0.87 0.34 1.64 2.79
0.79 0.90 0.95 2.68 1.97 2.84 0.51
2.05 2.29 1.16 2.34 0.13 1.72 1.04
0.39 2.78 0.43 2.04 1.84 2.73 0.86
0.58 0.47 1.20 2.72 2.31 0.67 2.27
0.65 1.48 1.88 0.84 2.09 2.69 1.40
0.95 2.00 0.18 1.49 0.95 1.65 2.69
1.15 2.62 1.49 0.63 1.18 2.92 1.69
2.87 0.65 2.20 2.64 0.69 2.38 1.91
2.08 1.08 1.27 2.46 2.45 1.34 0.98
0.87 0.93 2.53 1.50 1.78 1.20 2.56
0.26 0.11 1.25 2.40 1.65 1.80 2.51
2.63 0.88 1.78 1.30 2.42 2.09 1.40
2.17 1.74 1.79 1.75 0.58 0.46 2.33
0.94 1.57 1.74 2.10 0.02 0.17 1.98
0.33 0.64 2.72 2.30 1.12 2.55 0.65
1.16 1.27 0.15 2.47 1.23 1.46 0.70
0.76 0.48 0.74 2.97 2.00 1.82 1.85
1.19 1.19 1.28 1.54 0.19 1.11 1.02
1.32 2.27 2.50 2.10 1.87 1.81 0.91
0.53 2.39 2.13 0.45 0.42 0.43 1.75
2.62 1.36 2.38 2.47 2.03 1.95 1.27
1.42 2.09 2.88 1.82 2.76 2.78 1.85
1.77 1.78 2.91 0.06 0.82 1.32 0.72
1.52 0.95 1.00 0.34 1.43 2.65 1.32
1.12 2.31 1.79 0.39 0.14 1.04 1.94
0.24 1.86 1.75 0.85 2.66 1.73 0.85
2.90 0.80 2.10 2.59 0.10 0.70 0.97
2.77 2.34 1.14 1.80 2.81 0.66 0.95
1.79 1.56 2.35 1.72 0.61 2.11 0.19
2.48 1.02 2.47 0.90 1.75 1.29 2.13
0.30 1.35 1.21 1.10 0.83 0.88 2.76
2.06 2.75 0.58 0.80 1.36 1.27 0.24
2.80 2.46 2.86 2.75 0.95 2.01 2.04
1.18 2.27 1.85 0.28 2.75 1.06 2.84
0.17 0.87 2.61 2.15 1.65 0.85 2.31
2.27 0.21 2.76 2.75 0.34 1.91 1.06
0.33 1.61 0.66 0.45 2.49 1.06 1.57
1.55 1.37 1.73 0.08 2.34 0.14 0.10
2.57 0.36 1.21 0.19 1.83 1.76 0.06
0.61 2.27 0.42 0.64 0.74 0.16 0.10
2.80 1.06 2.05 0.01 1.33 0.92 0.66
1.98 1.07 0.98 0.18 2.13 1.39 2.89
2.33 1.19 1.83 0.28 0.24 1.66 0.89
0.94 1.04 0.71 2.30 2.70 2.48 0.11
1.66 1.08 0.62 2.73 1.37 0.50 1.24
2.58 1.31 1.68 0.97 0.53 0.00 2.02
0.45 2.78 0.03 2.53 0.01 1.21 0.01
2.81 2.31 0.93 2.30 1.25 1.37 0.71
2.16 2.62 0.11 0.28 1.92 1.03 2.01
2.68 0.95 1.71 0.98 1.58 0.04 1.22
1.93 1.49 1.86 0.53 2.81 1.43 1.66
2.30 2.60 1.54 1.63 1.14 0.70 1.98